Techniques=DPX@DPX.fx,Bloom@qUINT_bloom.fx,Curves@Curves.fx,Levels@Levels.fx,HDR@FakeHDR.fx,LiftGammaGain@LiftGammaGain.fx,Vibrance@Vibrance.fx,FilmicPass@FilmicPass.fx,AmbientLight@AmbientLight.fx,MartyMods_Sharpen@MartysMods_SHARPEN.fx

[AmbientLight.fx]
alAdapt=0.700000
alAdaptBaseBlackLvL=2
alAdaptBaseMult=1.000000
alDebug=0
alDirtInt=1.000000
alDirtOVInt=1.000000
alInt=8.755000
alLensInt=2.000000
alLensThresh=0.500000
alThreshold=15.000000
AL_Adaptation=1
AL_Adaptive=0
AL_Dirt=1
AL_DirtTex=0
AL_Dither=1
AL_Lens=0
AL_Vibrance=0

[Curves.fx]
Contrast=-0.132000
Formula=1
Mode=2

[DPX.fx]
Colorfulness=1.378000
Contrast=0.361000
RGB_C=0.360000,0.360000,0.340000
RGB_Curve=8.000000,8.000000,8.000000
Saturation=3.831000
Strength=0.039000

[FakeHDR.fx]
HDRPower=2.095000
radius1=4.101000
radius2=4.214000

[FilmicPass.fx]
BaseCurve=1.301000
BaseGamma=1.231000
Bleach=0.066000
BlueCurve=1.082000
Contrast=1.007000
EffectGamma=1.161000
EffectGammaB=1.000000
EffectGammaG=1.000000
EffectGammaR=1.000000
Fade=0.235000
GreenCurve=1.025000
Linearization=1.100000
LumCoeff=0.100000,0.100000,0.100000
RedCurve=0.913000
Saturation=0.003000
Strength=0.177000

[Levels.fx]
BlackPoint=1
HighlightClipping=0
WhitePoint=255

[LiftGammaGain.fx]
RGB_Gain=1.000000,1.000000,1.000000
RGB_Gamma=1.000000,1.000000,1.000000
RGB_Lift=1.000000,1.000000,1.000000

[MartysMods_SHARPEN.fx]
QUALITY=1
SHARP_AMT=1.000000

[qUINT_bloom.fx]
BLOOM_ADAPT_EXPOSURE=0.224000
BLOOM_ADAPT_MODE=1
BLOOM_ADAPT_SPEED=1.173000
BLOOM_ADAPT_STRENGTH=1.000000
BLOOM_CURVE=1.500000
BLOOM_INTENSITY=0.253000
BLOOM_LAYER_MULT_1=0.050000
BLOOM_LAYER_MULT_2=0.050000
BLOOM_LAYER_MULT_3=0.050000
BLOOM_LAYER_MULT_4=0.100000
BLOOM_LAYER_MULT_5=0.500000
BLOOM_LAYER_MULT_6=0.010000
BLOOM_LAYER_MULT_7=0.010000
BLOOM_SAT=0.479000
BLOOM_TONEMAP_COMPRESSION=7.000000

[Vibrance.fx]
Vibrance=0.008000
VibranceRGBBalance=1.000000,1.000000,1.000000

